level 0
0000000000000000000000000000000000000000
0                                      0
0                                      0
0                                      0
0                                      0
0                                      0
0                                      0
0                                      0
0                                      0
0                                      0
0                                      0
0                                      0
0                                      0
0                                      0
0                                      0
0                                      0
0                                      0
0                                      0
0                                      0
0                                      0
0                                      0
0                                      0
0                                      0
0                                      0
0000000000000000000000000000000000000000
level 1
0000000000000000000000000000000000000000
0                                      0
0                                      0
0                                      0
0                                      0
0                                      0
0                                      0
0                                      0
0                                      0
0                                      0
0                                      0
0                                      0
0                                      0
0                                      0
0                                      0
0                                      0
0                                      0
0                                      0
0                                      0
0                                      0
0                                      0
0                                      0
0                                      0
0                                      0
0000000000000000000000000000000000000000
PLAYER
67.8721
60
1
100
Entity
220
100
100
0
0
Entity
200
200
100
0
1
Entity
102
100
100
1
0
Entity
116
150
100
1
2
